0 288 0 288
0 0 1.53089756145575e+00
0 1 4.59973504734350e-01
0 3 -1.58382789195305e+00
0 5 -4.07043174237051e-01
1 1 2.35794459932646e+00
1 0 4.59973504734350e-01
1 2 2.98119071625735e-01
1 3 -1.35816805817568e+00
1 4 -1.25097945984982e+00
1 6 -2.73763769704666e-01
1 8 -9.38596141390551e-02
1 10 -1.39266273817319e-01
2 2 1.33004471069483e+00
2 1 2.98119071625735e-01
2 4 -1.48818981762265e+00
2 7 -1.39973964697909e-01
3 3 4.95690160152424e+00
3 0 -1.58382789195305e+00
3 1 -1.35816805817568e+00
3 5 -5.56358611465047e-01
3 6 -1.45854703993047e+00
4 4 4.45753131734140e+00
4 1 -1.25097945984982e+00
4 2 -1.48818981762265e+00
4 7 -6.00709379898001e-01
4 8 -1.11765265997092e+00
5 5 1.78518817451044e+00
5 0 -4.07043174237051e-01
5 3 -5.56358611465047e-01
5 6 -3.92729781172344e-01
5 9 -4.29056607635994e-01
6 6 4.02526348767159e+00
6 1 -2.73763769704666e-01
6 3 -1.45854703993047e+00
6 5 -3.92729781172344e-01
6 9 -4.26858374238482e-01
6 10 -9.26439360511689e-01
6 11 -5.46925162113939e-01
7 7 1.84410504400838e+00
7 2 -1.39973964697909e-01
7 4 -6.00709379898001e-01
7 8 -8.86762300773684e-01
7 13 -2.16659398638783e-01
8 8 3.99616204397877e+00
8 1 -9.38596141390551e-02
8 4 -1.11765265997092e+00
8 7 -8.86762300773684e-01
8 10 -1.05395594832547e+00
8 13 -2.56308968800524e-01
8 14 -5.87622551969110e-01
9 9 1.79065150819769e+00
9 5 -4.29056607635994e-01
9 6 -4.26858374238482e-01
9 11 -7.67887390812652e-01
9 12 -1.66849135510563e-01
10 10 3.77969115389035e+00
10 1 -1.39266273817319e-01
10 6 -9.26439360511689e-01
10 8 -1.05395594832547e+00
10 11 -6.03226944057382e-01
10 14 -2.94703751370498e-01
10 15 -6.24545552927998e-01
10 16 -1.37553322879986e-01
11 11 3.55511564470068e+00
11 6 -5.46925162113939e-01
11 9 -7.67887390812652e-01
11 10 -6.03226944057382e-01
11 12 -7.03785609331454e-01
11 16 -6.11031555668834e-01
11 17 -3.22258982716421e-01
12 12 1.98472194342222e+00
12 9 -1.66849135510563e-01
12 11 -7.03785609331454e-01
12 17 -1.17966468793751e+00
12 19 6.55774893573048e-02
13 13 1.83446469022295e+00
13 7 -2.16659398638783e-01
13 8 -2.56308968800524e-01
13 14 -6.85828758462999e-01
13 18 -7.74607808080503e-01
13 22 9.89402437598577e-02
14 14 4.06671926444627e+00
14 8 -5.87622551969110e-01
14 10 -2.94703751370498e-01
14 13 -6.85828758462999e-01
14 15 -1.61894751725666e+00
14 18 -8.38181395036168e-01
14 20 -4.14352903508383e-02
15 15 4.46663603693341e+00
15 10 -6.24545552927998e-01
15 14 -1.61894751725666e+00
15 16 -1.58897371218656e+00
15 20 -6.34169254562195e-01
16 16 4.14529620580714e+00
16 10 -1.37553322879986e-01
16 11 -6.11031555668834e-01
16 15 -1.58897371218656e+00
16 17 -1.14191887364870e+00
16 20 -3.09533545962536e-01
16 21 -3.56285195460526e-01
17 17 3.96255800959052e+00
17 11 -3.22258982716421e-01
17 12 -1.17966468793751e+00
17 16 -1.14191887364870e+00
17 19 -8.90343799370023e-01
17 21 -4.28371665917865e-01
18 18 3.84303824914647e+00
18 13 -7.74607808080503e-01
18 14 -8.38181395036168e-01
18 20 -8.50426599439517e-01
18 22 -1.01482202655616e+00
18 24 -3.65000420034128e-01
19 19 2.02935971464650e+00
19 12 6.55774893573048e-02
19 17 -8.90343799370023e-01
19 21 -1.09368139832005e+00
19 26 -1.10912006313731e-01
20 20 3.54157625159572e+00
20 14 -4.14352903508383e-02
20 15 -6.34169254562195e-01
20 16 -3.09533545962536e-01
20 18 -8.50426599439517e-01
20 21 -6.76003728789377e-01
20 23 -2.22064699859341e-01
20 24 -2.34827428837005e-01
20 25 -5.73115703794909e-01
21 21 3.71044690615326e+00
21 16 -3.56285195460526e-01
21 17 -4.28371665917865e-01
21 19 -1.09368139832005e+00
21 20 -6.76003728789377e-01
21 23 -7.83844867370586e-01
21 26 -3.72260050294851e-01
22 22 2.33166667116564e+00
22 13 9.89402437598577e-02
22 18 -1.01482202655616e+00
22 24 -1.39872467237812e+00
22 29 -1.70602159912243e-02
23 23 4.08759351633540e+00
23 20 -2.22064699859341e-01
23 21 -7.83844867370586e-01
23 25 -1.60845468420275e+00
23 26 -3.87451813593404e-01
23 27 -9.50522819867992e-01
23 28 -1.35254631441327e-01
24 24 4.46097344686054e+00
24 18 -3.65000420034128e-01
24 20 -2.34827428837005e-01
24 22 -1.39872467237812e+00
24 25 -1.50903061086570e+00
24 28 -6.48612375077464e-01
24 29 -3.04777939668118e-01
25 25 4.41591270046591e+00
25 20 -5.73115703794909e-01
25 23 -1.60845468420275e+00
25 24 -1.50903061086570e+00
25 28 -7.25311701602542e-01
26 26 2.20014481949379e+00
26 19 -1.10912006313731e-01
26 21 -3.72260050294851e-01
26 23 -3.87451813593404e-01
26 27 -1.49153852133095e+00
26 31 1.62017572039142e-01
27 27 4.40283555068066e+00
27 23 -9.50522819867992e-01
27 26 -1.49153852133095e+00
27 28 -1.12242473395360e+00
27 31 -8.38349475528120e-01
28 28 4.49738108476853e+00
28 23 -1.35254631441327e-01
28 24 -6.48612375077464e-01
28 25 -7.25311701602542e-01
28 27 -1.12242473395360e+00
28 29 -2.19029262017544e-01
28 30 -1.69823015563083e+00
28 31 5.14817749547713e-02
29 29 1.90863475868774e+00
29 22 -1.70602159912243e-02
29 24 -3.04777939668118e-01
29 28 -2.19029262017544e-01
29 30 -5.84518699785886e-01
29 32 -1.57842357824659e-01
29 34 -8.90815488999656e-01
29 38 2.65409205599352e-01
30 30 4.77467714595061e+00
30 28 -1.69823015563083e+00
30 29 -5.84518699785886e-01
30 31 -5.13495638251455e-01
30 32 -1.97843265228244e+00
31 31 1.92669514186192e+00
31 26 1.62017572039142e-01
31 27 -8.38349475528120e-01
31 28 5.14817749547713e-02
31 30 -5.13495638251455e-01
31 32 -1.74322828182137e-01
31 33 -7.98473603865092e-01
31 37 1.84447056970974e-01
32 32 4.57657794646031e+00
32 29 -1.57842357824659e-01
32 30 -1.97843265228244e+00
32 31 -1.74322828182137e-01
32 33 -8.14419845576543e-01
32 34 -8.43763731440696e-01
32 35 -6.07796531153827e-01
33 33 4.32101244939387e+00
33 31 -7.98473603865092e-01
33 32 -8.14419845576543e-01
33 35 -1.23873995301217e+00
33 36 -3.43825093997461e-01
33 37 -1.12555395294260e+00
34 34 4.56526826530465e+00
34 29 -8.90815488999656e-01
34 32 -8.43763731440696e-01
34 35 -1.32698608068492e+00
34 36 -3.27062131757143e-01
34 38 -1.17664083242224e+00
35 35 4.19547445185986e+00
35 32 -6.07796531153827e-01
35 33 -1.23873995301217e+00
35 34 -1.32698608068492e+00
35 36 -1.02195188700894e+00
36 36 3.91831541243357e+00
36 33 -3.43825093997461e-01
36 34 -3.27062131757143e-01
36 35 -1.02195188700894e+00
36 37 -3.92726842966580e-01
36 38 -3.16304745200696e-01
36 39 -1.16744163048923e+00
36 40 -3.49003081013525e-01
37 37 2.17301306203729e+00
37 31 1.84447056970974e-01
37 33 -1.12555395294260e+00
37 36 -3.92726842966580e-01
37 40 -9.98733449700986e-01
37 43 1.59554126601903e-01
38 38 2.13333025984112e+00
38 29 2.65409205599352e-01
38 34 -1.17664083242224e+00
38 36 -3.16304745200696e-01
38 39 -4.46973448197586e-01
38 41 -6.09954191350532e-01
38 44 1.51133751730582e-01
39 39 4.03084836408069e+00
39 36 -1.16744163048923e+00
39 38 -4.46973448197586e-01
39 40 -9.67449599685776e-01
39 41 -1.10256801649892e+00
39 42 -3.46415669209172e-01
40 40 4.06446715813951e+00
40 36 -3.49003081013525e-01
40 37 -9.98733449700986e-01
40 39 -9.67449599685776e-01
40 42 -9.46296956718230e-01
40 43 -8.02984071020995e-01
41 41 4.35718603702161e+00
41 38 -6.09954191350532e-01
41 39 -1.10256801649892e+00
41 42 -1.20565622918448e+00
41 44 -1.22396710369341e+00
41 45 -2.15040496294269e-01
42 42 3.94870190990347e+00
42 39 -3.46415669209172e-01
42 40 -9.46296956718230e-01
42 41 -1.20565622918448e+00
42 43 -7.51968669843414e-01
42 45 -6.98364384948174e-01
43 43 1.94258009474146e+00
43 37 1.59554126601903e-01
43 40 -8.02984071020995e-01
43 42 -7.51968669843414e-01
43 45 -3.29692099219591e-01
43 46 -2.17489381259364e-01
44 44 2.00656969702831e+00
44 38 1.51133751730582e-01
44 41 -1.22396710369341e+00
44 45 -5.66473016778729e-01
44 47 -2.42500695768482e-01
44 48 -1.24762632518272e-01
45 45 3.51797439944481e+00
45 41 -2.15040496294269e-01
45 42 -6.98364384948174e-01
45 43 -3.29692099219591e-01
45 44 -5.66473016778729e-01
45 46 -5.74200616310526e-01
45 48 -4.19660840162523e-01
45 49 -5.38918001860142e-01
45 50 -1.75624943870851e-01
46 46 1.94954085140583e+00
46 43 -2.17489381259364e-01
46 45 -5.74200616310526e-01
46 50 -1.15373094033697e+00
46 52 -4.11991349897310e-03
47 47 2.63952232559482e+00
47 44 -2.42500695768482e-01
47 48 -2.17954286008376e+00
47 53 -2.17478769742583e-01
48 48 5.03170711678329e+00
48 44 -1.24762632518272e-01
48 45 -4.19660840162523e-01
48 47 -2.17954286008376e+00
48 49 -1.74035517874046e+00
48 51 -4.08862425498115e-01
48 53 -1.58523179780165e-01
49 49 4.83282406044667e+00
49 45 -5.38918001860142e-01
49 48 -1.74035517874046e+00
49 50 -1.99963727821691e+00
49 51 -5.53913601629152e-01
50 50 4.51213136236017e+00
50 45 -1.75624943870851e-01
50 46 -1.15373094033697e+00
50 49 -1.99963727821691e+00
50 51 -4.94123500073402e-01
50 52 -6.89014699862039e-01
51 51 3.70637249818506e+00
51 48 -4.08862425498115e-01
51 49 -5.53913601629152e-01
51 50 -4.94123500073402e-01
51 52 -3.67570909729040e-01
51 53 -3.72185559864553e-01
51 54 -1.02787472490555e+00
51 55 -4.81841776485243e-01
52 52 1.74020703707101e+00
52 46 -4.11991349897310e-03
52 50 -6.89014699862039e-01
52 51 -3.67570909729040e-01
52 55 -6.14782703891965e-01
52 56 -6.47188100889966e-02
53 53 1.71093266996911e+00
53 47 -2.17478769742583e-01
53 48 -1.58523179780165e-01
53 51 -3.72185559864553e-01
53 54 -6.33560093387597e-01
53 58 -2.62642684182240e-01
53 59 -6.65423830119703e-02
54 54 3.88877866462259e+00
54 51 -1.02787472490555e+00
54 53 -6.33560093387597e-01
54 55 -6.20757814834185e-01
54 57 -5.58845006379861e-01
54 58 -1.04774102511539e+00
55 55 3.77177330654171e+00
55 51 -4.81841776485243e-01
55 52 -6.14782703891965e-01
55 54 -6.20757814834185e-01
55 56 -8.67900728822644e-01
55 57 -1.00381875257682e+00
55 60 -1.82671529930858e-01
56 56 2.08062470491178e+00
56 52 -6.47188100889966e-02
56 55 -8.67900728822644e-01
56 60 -1.18873777767036e+00
56 63 4.07326116702246e-02
57 57 3.73006554027959e+00
57 54 -5.58845006379861e-01
57 55 -1.00381875257682e+00
57 58 -8.62879481950009e-01
57 60 -7.05373389124108e-01
57 61 -5.99148910248799e-01
58 58 3.95393453597898e+00
58 53 -2.62642684182240e-01
58 54 -1.04774102511539e+00
58 57 -8.62879481950009e-01
58 59 -1.10500594323117e+00
58 61 -2.87642353470515e-01
58 62 -3.88023048029654e-01
59 59 2.10377984748257e+00
59 53 -6.65423830119703e-02
59 58 -1.10500594323117e+00
59 62 -1.00437977791044e+00
59 67 7.21482566710088e-02
60 60 3.76862520017336e+00
60 55 -1.82671529930858e-01
60 56 -1.18873777767036e+00
60 57 -7.05373389124108e-01
60 61 -5.83784966725199e-01
60 63 -4.54143202926461e-01
60 64 -6.53914333796378e-01
61 61 3.45293729382971e+00
61 57 -5.99148910248799e-01
61 58 -2.87642353470515e-01
61 60 -5.83784966725199e-01
61 62 -6.27374298515696e-01
61 64 -4.68557718328003e-01
61 65 -3.71120114196042e-01
61 66 -5.15308932345458e-01
62 62 3.77123104694159e+00
62 58 -3.88023048029654e-01
62 59 -1.00437977791044e+00
62 61 -6.27374298515696e-01
62 65 -7.64694981339644e-01
62 67 -5.91071055364598e-01
62 68 -3.95687885781560e-01
63 63 2.06846102946245e+00
63 56 4.07326116702246e-02
63 60 -4.54143202926461e-01
63 64 -1.00535413520555e+00
63 69 -8.37158923822737e-01
63 73 1.87462620822069e-01
64 64 3.62586802301145e+00
64 60 -6.53914333796378e-01
64 61 -4.68557718328003e-01
64 63 -1.00535413520555e+00
64 66 -6.65316261497574e-01
64 69 -5.78880714058940e-01
64 70 -2.53844860125005e-01
65 65 4.02621409861711e+00
65 61 -3.71120114196042e-01
65 62 -7.64694981339644e-01
65 66 -1.18090536228933e+00
65 68 -1.34260235750609e+00
65 71 -3.66891283286005e-01
66 66 3.82251574076619e+00
66 61 -5.15308932345458e-01
66 64 -6.65316261497574e-01
66 65 -1.18090536228933e+00
66 70 -9.87086529574710e-01
66 71 -4.73898655059117e-01
67 67 2.25371992010751e+00
67 59 7.21482566710088e-02
67 62 -5.91071055364598e-01
67 68 -9.50757103969813e-01
67 72 -1.01693034159667e+00
67 79 2.32890324152555e-01
68 68 4.03687582921974e+00
68 62 -3.95687885781560e-01
68 65 -1.34260235750609e+00
68 67 -9.50757103969813e-01
68 71 -3.47346071926641e-01
68 72 -1.00048241003564e+00
69 69 4.00521599021824e+00
69 63 -8.37158923822737e-01
69 64 -5.78880714058940e-01
69 70 -1.09615981466969e+00
69 73 -1.00166150885130e+00
69 74 -4.91355028815575e-01
70 70 3.75920721670977e+00
70 64 -2.53844860125005e-01
70 66 -9.87086529574710e-01
70 69 -1.09615981466969e+00
70 71 -4.40341677780317e-01
70 74 -3.19290935055039e-01
70 75 -6.62483399505015e-01
71 71 3.34291632761502e+00
71 65 -3.66891283286005e-01
71 66 -4.73898655059117e-01
71 68 -3.47346071926641e-01
71 70 -4.40341677780317e-01
71 72 -4.62049990485853e-01
71 75 -2.93602042891560e-01
71 76 -4.86421007265890e-01
71 77 -4.72365598919640e-01
72 72 4.06975130287089e+00
72 67 -1.01693034159667e+00
72 68 -1.00048241003564e+00
72 71 -4.62049990485853e-01
72 77 -6.51921296630415e-01
72 79 -9.38367264122321e-01
73 73 2.34361770765258e+00
73 63 1.87462620822069e-01
73 69 -1.00166150885130e+00
73 74 -5.63354561759307e-01
73 78 -1.23682134341929e+00
73 81 2.70757085555244e-01
74 74 4.11648347252375e+00
74 69 -4.91355028815575e-01
74 70 -3.19290935055039e-01
74 73 -5.63354561759307e-01
74 75 -1.51646723322376e+00
74 78 -1.17649770185036e+00
74 80 -4.95180118197004e-02
75 75 4.27375463733295e+00
75 70 -6.62483399505015e-01
75 71 -2.93602042891560e-01
75 74 -1.51646723322376e+00
75 76 -1.44629664976713e+00
75 80 -3.54905311945479e-01
76 76 3.91806770945301e+00
76 71 -4.86421007265890e-01
76 75 -1.44629664976713e+00
76 77 -7.29486162714573e-01
76 80 -4.60799276879242e-01
76 82 -7.95064612826171e-01
77 77 3.57518824295156e+00
77 71 -4.72365598919640e-01
77 72 -6.51921296630415e-01
77 76 -7.29486162714573e-01
77 79 -8.41938179092035e-01
77 82 -4.57614691942296e-01
77 84 -4.21862313652602e-01
78 78 4.33117153080055e+00
78 73 -1.23682134341929e+00
78 74 -1.17649770185036e+00
78 80 -8.02280483266687e-01
78 81 -1.11557200226421e+00
79 79 2.00468404096213e+00
79 67 2.32890324152555e-01
79 72 -9.38367264122321e-01
79 77 -8.41938179092035e-01
79 83 -3.58484877497100e-01
79 84 -9.87840444032317e-02
80 80 3.44413737236665e+00
80 74 -4.95180118197004e-02
80 75 -3.54905311945479e-01
80 76 -4.60799276879242e-01
80 78 -8.02280483266687e-01
80 81 -3.11590292912004e-01
80 82 -4.84223077091107e-01
80 85 -5.26288056040125e-01
80 87 -4.54532862412309e-01
81 81 2.88891475884689e+00
81 73 2.70757085555244e-01
81 78 -1.11557200226421e+00
81 80 -3.11590292912004e-01
81 85 -4.48355415496182e-01
81 86 -2.57914027097167e+00
81 89 1.29498613724193e+00
82 82 3.54543519643042e+00
82 76 -7.95064612826171e-01
82 77 -4.57614691942296e-01
82 80 -4.84223077091107e-01
82 84 -7.53542262908093e-01
82 87 -4.76534967682244e-01
82 92 -5.78455583980508e-01
83 83 2.11851916816097e+00
83 79 -3.58484877497100e-01
83 84 -1.39221767628110e+00
83 95 -3.67816614382767e-01
84 84 3.82789658745723e+00
84 77 -4.21862313652602e-01
84 79 -9.87840444032317e-02
84 82 -7.53542262908093e-01
84 83 -1.39221767628110e+00
84 92 -5.25517231648182e-01
84 95 -3.68320029365737e-01
84 103 -2.67653029198281e-01
85 85 4.05624110905722e+00
85 80 -5.26288056040125e-01
85 81 -4.48355415496182e-01
85 86 -1.17861697553313e+00
85 87 -6.80273310248317e-01
85 88 -7.41580547951516e-01
85 91 -4.81126803787946e-01
86 86 8.04988399526657e+00
86 81 -2.57914027097167e+00
86 85 -1.17861697553313e+00
86 88 -1.14222423276594e+00
86 89 -3.14990251599582e+00
87 87 3.61853213381802e+00
87 80 -4.54532862412309e-01
87 82 -4.76534967682244e-01
87 85 -6.80273310248317e-01
87 91 -5.64245041882749e-01
87 92 -6.67212627139312e-01
87 94 -7.75733324453088e-01
88 88 4.17816826502568e+00
88 85 -7.41580547951516e-01
88 86 -1.14222423276594e+00
88 89 -1.02620258264889e+00
88 90 -9.78871892880069e-01
88 91 -2.89289008779259e-01
89 89 4.52835653871198e+00
89 81 1.29498613724193e+00
89 86 -3.14990251599582e+00
89 88 -1.02620258264889e+00
89 90 -1.35135094446453e+00
89 93 -5.75949302063818e-01
89 98 2.80062669219160e-01
90 90 4.38497062688902e+00
90 88 -9.78871892880069e-01
90 89 -1.35135094446453e+00
90 91 -9.63277210456827e-01
90 93 -1.09147057908759e+00
91 91 3.66997960437467e+00
91 85 -4.81126803787946e-01
91 87 -5.64245041882749e-01
91 88 -2.89289008779259e-01
91 90 -9.63277210456827e-01
91 93 -3.87841217465379e-01
91 94 -4.28147286350423e-01
91 96 -5.56053035652087e-01
92 92 3.75243695702782e+00
92 82 -5.78455583980508e-01
92 84 -5.25517231648182e-01
92 87 -6.67212627139312e-01
92 94 -4.24203365882194e-01
92 97 -1.11074211104152e+00
92 101 -1.73625277824985e-01
92 103 -2.72680759511123e-01
93 93 4.27455527836251e+00
93 89 -5.75949302063818e-01
93 90 -1.09147057908759e+00
93 91 -3.87841217465379e-01
93 96 -8.16663472130532e-01
93 98 -1.00812971642090e+00
93 100 -3.94500991194287e-01
94 94 3.71005171324444e+00
94 87 -7.75733324453088e-01
94 91 -4.28147286350423e-01
94 92 -4.24203365882194e-01
94 96 -5.65756363925500e-01
94 99 -9.31875927891349e-01
94 101 -5.84335444741882e-01
95 95 1.98969173863327e+00
95 83 -3.67816614382767e-01
95 84 -3.68320029365737e-01
95 103 -3.16917492344304e-01
95 104 -1.08336294969386e+00
95 107 1.46725347153394e-01
96 96 3.67104608401614e+00
96 91 -5.56053035652087e-01
96 93 -8.16663472130532e-01
96 94 -5.65756363925500e-01
96 99 -5.08500935943176e-01
96 100 -3.57824436987954e-01
96 102 -8.66247839376889e-01
97 97 4.19348452620184e+00
97 92 -1.11074211104152e+00
97 101 -1.10440966596716e+00
97 103 -9.44174818708497e-01
97 106 -1.03415793048466e+00
98 98 1.35380364224970e+00
98 89 2.80062669219160e-01
98 93 -1.00812971642090e+00
98 100 -6.25736595047958e-01
99 99 4.01365197361577e+00
99 94 -9.31875927891349e-01
99 96 -5.08500935943176e-01
99 101 -4.88083890278013e-01
99 102 -8.94259285592850e-01
99 105 -1.19093193391038e+00
100 100 1.90691306613537e+00
100 93 -3.94500991194287e-01
100 96 -3.57824436987954e-01
100 98 -6.25736595047958e-01
100 102 -5.28851042905168e-01
101 101 3.83488825611624e+00
101 92 -1.73625277824985e-01
101 94 -5.84335444741882e-01
101 97 -1.10440966596716e+00
101 99 -4.88083890278013e-01
101 105 -8.62591402771268e-01
101 106 -3.67254396660215e-01
101 108 -2.54588177872719e-01
102 102 2.16113263364286e+00
102 96 -8.66247839376889e-01
102 99 -8.94259285592850e-01
102 100 -5.28851042905168e-01
102 105 1.28225534232042e-01
103 103 3.82547009843058e+00
103 84 -2.67653029198281e-01
103 92 -2.72680759511123e-01
103 95 -3.16917492344304e-01
103 97 -9.44174818708497e-01
103 104 -1.09720772223575e+00
103 106 -3.44149714090094e-01
103 109 -7.08788807404030e-02
103 110 -1.67700924665656e-01
103 111 -3.44106756936477e-01
104 104 4.29102668424650e+00
104 95 -1.08336294969386e+00
104 103 -1.09720772223575e+00
104 107 -1.36070463634977e+00
104 109 -7.49751375967129e-01
105 105 2.21839306698319e+00
105 99 -1.19093193391038e+00
105 101 -8.62591402771268e-01
105 102 1.28225534232042e-01
105 108 -2.93095264533577e-01
106 106 3.78293390532989e+00
106 97 -1.03415793048466e+00
106 101 -3.67254396660215e-01
106 103 -3.44149714090094e-01
106 108 -7.83238189451480e-01
106 110 -7.78845037628775e-01
106 112 -4.75288637014659e-01
107 107 2.19335712684830e+00
107 95 1.46725347153394e-01
107 104 -1.36070463634977e+00
107 109 -3.35661713197749e-01
107 113 -8.37380653953251e-01
107 117 1.93664529499073e-01
108 108 1.94628109049223e+00
108 101 -2.54588177872719e-01
108 105 -2.93095264533577e-01
108 106 -7.83238189451480e-01
108 112 -7.35189806554495e-01
108 114 1.19830347920037e-01
109 109 3.91757561886633e+00
109 103 -7.08788807404030e-02
109 104 -7.49751375967129e-01
109 107 -3.35661713197749e-01
109 111 -1.22035819343116e+00
109 113 -7.97953648993681e-01
109 115 -3.07125394716216e-01
109 118 -2.42257150805821e-01
109 119 -1.93589261014175e-01
110 110 4.01011155213949e+00
110 103 -1.67700924665656e-01
110 106 -7.78845037628775e-01
110 111 -1.18686039172410e+00
110 112 -9.01692330375266e-01
110 116 -5.12100527420025e-01
110 121 -2.08297202175016e-01
110 122 -2.54615138150660e-01
111 111 4.15419693788653e+00
111 103 -3.44106756936477e-01
111 109 -1.22035819343116e+00
111 110 -1.18686039172410e+00
111 116 -6.29233043420313e-01
111 119 -4.60782169279369e-01
111 123 -3.12856383095121e-01
112 112 4.22724625346639e+00
112 106 -4.75288637014659e-01
112 108 -7.35189806554495e-01
112 110 -9.01692330375266e-01
112 114 -1.56600779518573e+00
112 120 -1.69648942637022e-01
112 121 -3.79418741699218e-01
113 113 4.33632064346668e+00
113 107 -8.37380653953251e-01
113 109 -7.97953648993681e-01
113 115 -1.10115867972853e+00
113 117 -1.37616712261086e+00
113 124 -2.23660538180355e-01
114 114 3.06408027068083e+00
114 108 1.19830347920037e-01
114 112 -1.56600779518573e+00
114 120 -1.93585595979886e+00
114 125 3.17953136383721e-01
115 115 4.59013060390569e+00
115 109 -3.07125394716216e-01
115 113 -1.10115867972853e+00
115 118 -1.84487219673667e+00
115 124 -1.22059065051666e+00
115 126 -1.16383682207614e-01
116 116 4.32679719969405e+00
116 110 -5.12100527420025e-01
116 111 -6.29233043420313e-01
116 122 -1.61205256088814e+00
116 123 -1.41206400377153e+00
116 130 -1.61347064194048e-01
117 117 2.44986001108741e+00
117 107 1.93664529499073e-01
117 113 -1.37616712261086e+00
117 124 -1.16597512380861e+00
117 127 -2.71459141520823e-02
117 133 -7.42363800149387e-02
118 118 4.50915690740844e+00
118 109 -2.42257150805821e-01
118 115 -1.84487219673667e+00
118 119 -1.33963915156668e+00
118 126 -4.10541951178062e-01
118 131 -6.71846457121205e-01
119 119 3.96690042317273e+00
119 109 -1.93589261014175e-01
119 111 -4.60782169279369e-01
119 118 -1.33963915156668e+00
119 123 -1.05668353937379e+00
119 129 -2.83093287203070e-01
119 131 -2.66611124432044e-01
119 135 -3.66501890303599e-01
120 120 4.97807787630586e+00
120 112 -1.69648942637022e-01
120 114 -1.93585595979886e+00
120 121 -1.37256806136882e+00
120 125 -1.18377670873308e+00
120 128 -3.16228203768078e-01
121 121 4.10293985315350e+00
121 110 -2.08297202175016e-01
121 112 -3.79418741699218e-01
121 120 -1.37256806136882e+00
121 122 -1.29636089879688e+00
121 128 -2.71538212462548e-01
121 132 -2.15775509337342e-01
121 134 -3.58981227313665e-01
122 122 4.31662733808278e+00
122 110 -2.54615138150660e-01
122 116 -1.61205256088814e+00
122 121 -1.29636089879688e+00
122 130 -3.77622807405547e-01
122 132 -7.75975932841556e-01
123 123 4.07814747224368e+00
123 111 -3.12856383095121e-01
123 116 -1.41206400377153e+00
123 119 -1.05668353937379e+00
123 129 -8.46758769676835e-01
123 130 -4.49784776326405e-01
124 124 4.04538549803972e+00
124 113 -2.23660538180355e-01
124 115 -1.22059065051666e+00
124 117 -1.16597512380861e+00
124 126 -5.02132167403242e-01
124 127 -9.33027018130856e-01
125 125 2.58428055181624e+00
125 114 3.17953136383721e-01
125 120 -1.18377670873308e+00
125 128 -1.83977956185097e+00
125 148 1.21322582384090e-01
126 126 3.58331101860808e+00
126 115 -1.16383682207614e-01
126 118 -4.10541951178062e-01
126 124 -5.02132167403242e-01
126 127 -7.97278687826986e-01
126 131 -4.66896834762466e-01
126 136 -8.92768927279146e-01
126 143 -3.88934640864191e-01
126 150 -8.37412708636989e-03
127 127 4.27214336227576e+00
127 117 -2.71459141520823e-02
127 124 -9.33027018130856e-01
127 126 -7.97278687826986e-01
127 133 -1.78421114831097e+00
127 143 -5.50305520596853e-01
127 145 -1.80175073258009e-01
128 128 4.59967643093222e+00
128 120 -3.16228203768078e-01
128 121 -2.71538212462548e-01
128 125 -1.83977956185097e+00
128 134 -1.20529911832095e+00
128 139 -6.82328272486206e-01
128 148 -2.84503062043461e-01
129 129 3.72496096332015e+00
129 119 -2.83093287203070e-01
129 123 -8.46758769676835e-01
129 130 -5.17841451672675e-01
129 135 -9.78376800194657e-01
129 140 -6.32590587723893e-01
129 142 -4.66300066849024e-01
130 130 3.51969081014892e+00
130 116 -1.61347064194048e-01
130 122 -3.77622807405547e-01
130 123 -4.49784776326405e-01
130 129 -5.17841451672675e-01
130 132 -3.54011524636297e-01
130 137 -9.30703511114795e-01
130 140 -4.85086932185311e-01
130 151 -1.67954780292274e-01
130 152 -7.53379623215658e-02
131 131 3.63653291789003e+00
131 118 -6.71846457121205e-01
131 119 -2.66611124432044e-01
131 126 -4.66896834762466e-01
131 135 -8.25162267749799e-01
131 136 -7.30991210996741e-01
131 141 -5.37698348646858e-01
131 149 -1.37326674180915e-01
132 132 3.72757944319338e+00
132 121 -2.15775509337342e-01
132 122 -7.75975932841556e-01
132 130 -3.54011524636297e-01
132 134 -8.56336874721451e-01
132 137 -7.98391530630336e-01
132 138 -6.13625767712696e-01
132 147 -1.13462303313702e-01
133 133 2.35434070068955e+00
133 117 -7.42363800149387e-02
133 127 -1.78421114831097e+00
133 145 -2.44691398070411e-01
133 146 -2.51201774293233e-01
134 134 3.87359171646638e+00
134 121 -3.58981227313665e-01
134 128 -1.20529911832095e+00
134 132 -8.56336874721451e-01
134 138 -6.40139038227867e-01
134 139 -4.87025122310911e-01
134 144 -3.25810335571530e-01
135 135 3.82767799319932e+00
135 119 -3.66501890303599e-01
135 129 -9.78376800194657e-01
135 131 -8.25162267749799e-01
135 141 -8.88069878499534e-01
135 142 -5.87585238000868e-01
135 153 -1.81981918450866e-01
136 136 3.81843193393943e+00
136 126 -8.92768927279146e-01
136 131 -7.30991210996741e-01
136 149 -8.26586543148479e-01
136 150 -8.15230352896509e-01
136 155 -5.52854899618559e-01
137 137 3.98210600012324e+00
137 130 -9.30703511114795e-01
137 132 -7.98391530630336e-01
137 147 -7.84530378255189e-01
137 152 -8.12849280717096e-01
137 154 -6.55631299405825e-01
138 138 3.82847213671750e+00
138 132 -6.13625767712696e-01
138 134 -6.40139038227867e-01
138 144 -1.05230523612747e+00
138 147 -1.08074133207361e+00
138 156 -4.41660762575857e-01
139 139 3.99029986401495e+00
139 128 -6.82328272486206e-01
139 134 -4.87025122310911e-01
139 144 -1.16162170160327e+00
139 148 -1.21297196855621e+00
139 157 -4.46352799058351e-01
140 140 4.19056284614881e+00
140 129 -6.32590587723893e-01
140 130 -4.85086932185311e-01
140 142 -1.21868765986354e+00
140 151 -1.56659082655706e+00
140 159 -2.87606839818997e-01
141 141 3.78071859515668e+00
141 131 -5.37698348646858e-01
141 135 -8.88069878499534e-01
141 149 -1.06087620069618e+00
141 153 -6.95949620710607e-01
141 158 -5.98124546603499e-01
142 142 3.92530097139902e+00
142 129 -4.66300066849024e-01
142 135 -5.87585238000868e-01
142 140 -1.21868765986354e+00
142 153 -1.21776597650132e+00
142 159 -4.34962030184261e-01
143 143 4.57295653185635e+00
143 126 -3.88934640864191e-01
143 127 -5.50305520596853e-01
143 145 -1.66107283550108e+00
143 150 -1.78699058376005e+00
143 163 -1.85652951134183e-01
144 144 3.86465837575048e+00
144 134 -3.25810335571530e-01
144 138 -1.05230523612747e+00
144 139 -1.16162170160327e+00
144 156 -6.26886675480967e-01
144 157 -6.98034426967243e-01
145 145 4.81220103012602e+00
145 127 -1.80175073258009e-01
145 133 -2.44691398070411e-01
145 143 -1.66107283550108e+00
145 146 -2.10861630542500e+00
145 163 -4.39536417418757e-01
145 164 -1.78109000452771e-01
146 146 2.58634755020906e+00
146 133 -2.51201774293233e-01
146 145 -2.10861630542500e+00
146 164 -2.26529470490825e-01
147 147 4.18480472841718e+00
147 132 -1.13462303313702e-01
147 137 -7.84530378255189e-01
147 138 -1.08074133207361e+00
147 154 -1.33708712129758e+00
147 156 -7.24510929567840e-01
147 162 -1.44472663909267e-01
148 148 2.28987915874998e+00
148 125 1.21322582384090e-01
148 128 -2.84503062043461e-01
148 139 -1.21297196855621e+00
148 157 -4.17610034857889e-01
148 160 -8.85661790802519e-01
148 168 3.89545115126007e-01
149 149 4.17510900996054e+00
149 131 -1.37326674180915e-01
149 136 -8.26586543148479e-01
149 141 -1.06087620069618e+00
149 155 -1.19950631262312e+00
149 158 -9.22661930360798e-01
149 167 -2.81513489510384e-02
150 150 4.29769580078250e+00
150 126 -8.37412708636989e-03
150 136 -8.15230352896509e-01
150 143 -1.78699058376005e+00
150 155 -9.13053120523031e-01
150 161 -4.70453100874361e-01
150 163 -3.03594515642187e-01
151 151 4.41906383955239e+00
151 130 -1.67954780292274e-01
151 140 -1.56659082655706e+00
151 152 -1.60798113829016e+00
151 159 -6.00622461890779e-01
151 165 -4.75914632522114e-01
152 152 4.71961144705471e+00
152 130 -7.53379623215658e-02
152 137 -8.12849280717096e-01
152 151 -1.60798113829016e+00
152 154 -1.64976725879175e+00
152 162 -1.19033356569096e-01
152 165 -4.54642450365038e-01
153 153 3.79740758043771e+00
153 135 -1.81981918450866e-01
153 141 -6.95949620710607e-01
153 142 -1.21776597650132e+00
153 158 -8.13130758589403e-01
153 159 -4.40439618919814e-01
153 166 -4.48139687265691e-01
154 154 4.45756360121325e+00
154 137 -6.55631299405825e-01
154 147 -1.33708712129758e+00
154 152 -1.64976725879175e+00
154 162 -8.15077921718094e-01
155 155 3.89807648151066e+00
155 136 -5.52854899618559e-01
155 149 -1.19950631262312e+00
155 150 -9.13053120523031e-01
155 161 -8.23085101682063e-01
155 167 -4.09577047063885e-01
156 156 3.61285141657104e+00
156 138 -4.41660762575857e-01
156 144 -6.26886675480967e-01
156 147 -7.24510929567840e-01
156 157 -5.44126409338773e-01
156 162 -5.69135200385723e-01
156 169 -7.06531439221883e-01
157 157 3.76622840375539e+00
157 139 -4.46352799058351e-01
157 144 -6.98034426967243e-01
157 148 -4.17610034857889e-01
157 156 -5.44126409338773e-01
157 160 -1.27973909398720e+00
157 169 -3.80365639545927e-01
158 158 3.78242385785702e+00
158 141 -5.98124546603499e-01
158 149 -9.22661930360798e-01
158 153 -8.13130758589403e-01
158 166 -7.06104752358528e-01
158 167 -7.42401869944796e-01
159 159 3.51361461634116e+00
159 140 -2.87606839818997e-01
159 142 -4.34962030184261e-01
159 151 -6.00622461890779e-01
159 153 -4.40439618919814e-01
159 165 -6.90235097338804e-01
159 166 -7.15830905377782e-01
159 171 -3.43917662810720e-01
160 160 4.90086688394699e+00
160 148 -8.85661790802519e-01
160 157 -1.27973909398720e+00
160 168 -1.88251524016979e+00
160 169 -3.84476507445518e-01
160 170 -4.68474251541961e-01
161 161 3.81165580538207e+00
161 150 -4.70453100874361e-01
161 155 -8.23085101682063e-01
161 163 -1.07543868994433e+00
161 167 -7.78138410070167e-01
161 172 -6.64540502811140e-01
162 162 3.62423402682764e+00
162 147 -1.44472663909267e-01
162 152 -1.19033356569096e-01
162 154 -8.15077921718094e-01
162 156 -5.69135200385723e-01
162 165 -8.32920087272065e-01
162 169 -4.12817565322209e-01
162 174 -5.60745482264012e-01
162 175 -1.70031749387177e-01
163 163 3.67657084695095e+00
163 143 -1.85652951134183e-01
163 145 -4.39536417418757e-01
163 150 -3.03594515642187e-01
163 161 -1.07543868994433e+00
163 164 -9.41212134871137e-01
163 172 -2.18199431437968e-01
163 173 -5.12936706502386e-01
164 164 1.89183169604621e+00
164 145 -1.78109000452771e-01
164 146 -2.26529470490825e-01
164 163 -9.41212134871137e-01
164 173 -6.58568372331008e-01
164 180 1.12587282099535e-01
165 165 3.60277765937792e+00
165 151 -4.75914632522114e-01
165 152 -4.54642450365038e-01
165 159 -6.90235097338804e-01
165 162 -8.32920087272065e-01
165 171 -6.19912330287573e-01
165 175 -5.29153061592331e-01
166 166 3.60147525428819e+00
166 153 -4.48139687265691e-01
166 158 -7.06104752358528e-01
166 159 -7.15830905377782e-01
166 167 -6.10892910979824e-01
166 171 -5.82766360277225e-01
166 176 -5.37740638029137e-01
167 167 3.56166319000927e+00
167 149 -2.81513489510384e-02
167 155 -4.09577047063885e-01
167 158 -7.42401869944796e-01
167 161 -7.78138410070167e-01
167 166 -6.10892910979824e-01
167 172 -3.28152389810283e-01
167 176 -2.80292740683560e-01
167 177 -3.84056472505718e-01
168 168 3.01777792632258e+00
168 148 3.89545115126007e-01
168 160 -1.88251524016979e+00
168 170 -1.65816711891447e+00
168 179 1.33359317635668e-01
169 169 3.55710890308472e+00
169 156 -7.06531439221883e-01
169 157 -3.80365639545927e-01
169 160 -3.84476507445518e-01
169 162 -4.12817565322209e-01
169 170 -8.27480976157074e-01
169 174 -6.55159075818659e-01
169 178 -1.90277699573445e-01
170 170 4.39154105350675e+00
170 160 -4.68474251541961e-01
170 168 -1.65816711891447e+00
170 169 -8.27480976157074e-01
170 178 -8.08804298710586e-01
170 179 -6.28614408182657e-01
171 171 3.74745238685637e+00
171 159 -3.43917662810720e-01
171 165 -6.19912330287573e-01
171 166 -5.82766360277225e-01
171 175 -9.71749033638103e-01
171 176 -9.57397042525204e-01
171 182 -2.71709957317545e-01
172 172 3.86574325053466e+00
172 161 -6.64540502811140e-01
172 163 -2.18199431437968e-01
172 167 -3.28152389810283e-01
172 173 -1.12501750202451e+00
172 177 -1.19850115030833e+00
172 181 -3.31332274142428e-01
173 173 3.99728597669965e+00
173 163 -5.12936706502386e-01
173 164 -6.58568372331008e-01
173 172 -1.12501750202451e+00
173 180 -1.29902563966500e+00
173 181 -4.01737756176744e-01
174 174 4.10074908088906e+00
174 162 -5.60745482264012e-01
174 169 -6.55159075818659e-01
174 175 -1.37175870516948e+00
174 178 -1.23446142161312e+00
174 184 -2.78624396023797e-01
175 175 3.93981873731220e+00
175 162 -1.70031749387177e-01
175 165 -5.29153061592331e-01
175 171 -9.71749033638103e-01
175 174 -1.37175870516948e+00
175 182 -5.14166006783769e-01
175 184 -3.82960180741345e-01
176 176 4.01321386184063e+00
176 166 -5.37740638029137e-01
176 167 -2.80292740683560e-01
176 171 -9.57397042525204e-01
176 177 -1.43794999772184e+00
176 182 -6.29456221258313e-01
176 185 -1.70377221622577e-01
177 177 4.14089966573292e+00
177 167 -3.84056472505718e-01
177 172 -1.19850115030833e+00
177 176 -1.43794999772184e+00
177 181 -6.45157442982238e-01
177 185 -4.75234602214795e-01
178 178 3.83101287549477e+00
178 169 -1.90277699573445e-01
178 170 -8.08804298710586e-01
178 174 -1.23446142161312e+00
178 179 -6.49414812016264e-01
178 183 -5.89797066309303e-01
178 184 -3.58257577272052e-01
179 179 2.16428710437642e+00
179 168 1.33359317635668e-01
179 170 -6.28614408182657e-01
179 178 -6.49414812016264e-01
179 183 -1.12563902325292e+00
179 186 1.06021821439758e-01
180 180 2.45939915013455e+00
180 164 1.12587282099535e-01
180 173 -1.29902563966500e+00
180 181 -1.28845099099508e+00
180 187 1.54901984259972e-02
181 181 3.97079766365408e+00
181 172 -3.31332274142428e-01
181 173 -4.01737756176744e-01
181 177 -6.45157442982238e-01
181 180 -1.28845099099508e+00
181 185 -7.65177967348681e-01
181 187 -5.38941232008914e-01
182 182 4.09745129085846e+00
182 171 -2.71709957317545e-01
182 175 -5.14166006783769e-01
182 176 -6.29456221258313e-01
182 184 -1.24698896743075e+00
182 185 -1.14971292414638e+00
182 192 -2.85417213921707e-01
183 183 3.96964636613735e+00
183 178 -5.89797066309303e-01
183 179 -1.12563902325292e+00
183 184 -7.15704288613759e-01
183 186 -7.88981613993059e-01
183 188 -7.49524373968307e-01
184 184 3.98190946546787e+00
184 174 -2.78624396023797e-01
184 175 -3.82960180741345e-01
184 178 -3.58257577272052e-01
184 182 -1.24698896743075e+00
184 183 -7.15704288613759e-01
184 188 -8.38024962843513e-01
184 192 -1.61349092542659e-01
185 185 3.88157577920660e+00
185 176 -1.70377221622577e-01
185 177 -4.75234602214795e-01
185 181 -7.65177967348681e-01
185 182 -1.14971292414638e+00
185 187 -3.74909979215868e-01
185 191 -7.99957750842629e-01
185 192 -1.46205333815678e-01
186 186 2.09314658105670e+00
186 179 1.06021821439758e-01
186 183 -7.88981613993059e-01
186 188 -3.03355504146291e-01
186 189 -1.12426569438752e+00
186 190 1.74344100304152e-02
187 187 2.08841777946675e+00
187 180 1.54901984259972e-02
187 181 -5.38941232008914e-01
187 185 -3.74909979215868e-01
187 191 -1.33790935568715e+00
187 199 1.47852589019189e-01
188 188 3.83133641502953e+00
188 183 -7.49524373968307e-01
188 184 -8.38024962843513e-01
188 186 -3.03355504146291e-01
188 189 -6.31637654847786e-01
188 192 -3.85837664058193e-01
188 194 -9.22956255165440e-01
189 189 3.81101659864202e+00
189 186 -1.12426569438752e+00
189 188 -6.31637654847786e-01
189 190 -7.01832988250767e-01
189 194 -6.33442872048966e-01
189 197 -7.19837389106978e-01
190 190 2.06211873048236e+00
190 186 1.74344100304152e-02
190 189 -7.01832988250767e-01
190 193 1.25596949281963e-01
190 196 -1.09903903981991e+00
190 197 -4.04278061724062e-01
191 191 4.28094942131095e+00
191 185 -7.99957750842629e-01
191 187 -1.33790935568715e+00
191 192 -1.05232196918733e+00
191 199 -1.09076034559384e+00
192 192 3.74735143555840e+00
192 182 -2.85417213921707e-01
192 184 -1.61349092542659e-01
192 185 -1.46205333815678e-01
192 188 -3.85837664058193e-01
192 191 -1.05232196918733e+00
192 194 -8.12825995788758e-01
192 199 -3.14887329285738e-01
192 203 -2.86423089974578e-01
192 207 -3.02083746983763e-01
193 193 2.06706750811416e+00
193 190 1.25596949281963e-01
193 195 -1.63688246315792e-01
193 196 -9.54424382016916e-01
193 198 -8.16301179913244e-01
193 200 -2.58250649150173e-01
194 194 4.01836149583501e+00
194 188 -9.22956255165440e-01
194 189 -6.33442872048966e-01
194 192 -8.12825995788758e-01
194 197 -9.00575647645167e-01
194 203 -7.48560725186685e-01
195 195 9.94324954263722e-01
195 193 -1.63688246315792e-01
195 200 -8.36786441364901e-01
195 202 6.14973341697049e-03
196 196 3.91136471045719e+00
196 190 -1.09903903981991e+00
196 193 -9.54424382016916e-01
196 197 -6.26943042819742e-01
196 198 -4.81567558262771e-01
196 201 -7.49390687537855e-01
197 197 3.76981538231652e+00
197 189 -7.19837389106978e-01
197 190 -4.04278061724062e-01
197 194 -9.00575647645167e-01
197 196 -6.26943042819742e-01
197 201 -7.86370616125875e-01
197 203 -3.31810624894697e-01
198 198 3.82546785542318e+00
198 193 -8.16301179913244e-01
198 196 -4.81567558262771e-01
198 200 -1.17470533414160e+00
198 201 -8.20250217147006e-01
198 205 -5.32643565958552e-01
199 199 1.99764681418701e+00
199 187 1.47852589019189e-01
199 191 -1.09076034559384e+00
199 192 -3.14887329285738e-01
199 207 -3.64256347753366e-01
199 208 -3.75595380573249e-01
200 200 3.93512238553437e+00
200 193 -2.58250649150173e-01
200 195 -8.36786441364901e-01
200 198 -1.17470533414160e+00
200 202 -8.33522933929341e-01
200 204 -5.74819611320301e-01
200 205 -2.57037415628046e-01
201 201 3.92539854595461e+00
201 196 -7.49390687537855e-01
201 197 -7.86370616125875e-01
201 198 -8.20250217147006e-01
201 203 -2.13485327347738e-01
201 205 -1.98520727669010e-01
201 206 -1.15738097012712e+00
202 202 2.69204014579721e+00
202 195 6.14973341697049e-03
202 200 -8.33522933929341e-01
202 204 -1.98337305671112e+00
202 209 1.18706111426275e-01
203 203 3.70356670700248e+00
203 192 -2.86423089974578e-01
203 194 -7.48560725186685e-01
203 197 -3.31810624894697e-01
203 201 -2.13485327347738e-01
203 206 -9.06783550502107e-01
203 207 -4.89477798703072e-01
203 210 -9.66002327854422e-02
203 211 -6.30425357608165e-01
204 204 4.80142097201443e+00
204 200 -5.74819611320301e-01
204 202 -1.98337305671112e+00
204 205 -1.46167873378542e+00
204 209 -7.81549570197585e-01
205 205 4.11480123543815e+00
205 198 -5.32643565958552e-01
205 200 -2.57037415628046e-01
205 201 -1.98520727669010e-01
205 204 -1.46167873378542e+00
205 206 -1.01601613226274e+00
205 209 -2.90418027178976e-01
205 210 -3.58486632955395e-01
206 206 4.21848241980460e+00
206 201 -1.15738097012712e+00
206 203 -9.06783550502107e-01
206 205 -1.01601613226274e+00
206 210 -1.13830176691263e+00
207 207 3.87791463655988e+00
207 192 -3.02083746983763e-01
207 199 -3.64256347753366e-01
207 203 -4.89477798703072e-01
207 208 -1.37939738763577e+00
207 211 -9.19364652302245e-01
207 215 -1.66511089097698e-01
207 216 -2.56823614083966e-01
208 208 2.11196756001585e+00
208 199 -3.75595380573249e-01
208 207 -1.37939738763577e+00
208 215 -3.56974791806832e-01
209 209 1.81840579547640e+00
209 202 1.18706111426275e-01
209 204 -7.81549570197585e-01
209 205 -2.90418027178976e-01
209 210 -2.56432066805803e-01
209 212 -5.60032432933744e-01
209 213 -4.86798097865707e-02
210 210 3.79558521953936e+00
210 203 -9.66002327854422e-02
210 205 -3.58486632955395e-01
210 206 -1.13830176691263e+00
210 209 -2.56432066805803e-01
210 211 -5.99960425024892e-01
210 212 -9.44524365709894e-01
210 214 -4.01279729345302e-01
211 211 3.70569087742211e+00
211 203 -6.30425357608165e-01
211 207 -9.19364652302245e-01
211 210 -5.99960425024892e-01
211 214 -9.12353335854604e-01
211 216 -6.43587106632207e-01
212 212 3.99957937512535e+00
212 209 -5.60032432933744e-01
212 210 -9.44524365709894e-01
212 213 -1.54993630841087e+00
212 214 -5.00644864672240e-01
212 217 -4.44441403398605e-01
213 213 2.18018726051876e+00
213 209 -4.86798097865707e-02
213 212 -1.54993630841087e+00
213 217 -5.10003994297587e-01
213 220 -7.15671480237282e-02
214 214 3.57297842433577e+00
214 210 -4.01279729345302e-01
214 211 -9.12353335854604e-01
214 212 -5.00644864672240e-01
214 216 -4.05632713537020e-01
214 217 -7.80322704950219e-01
214 219 -5.72745075976384e-01
215 215 2.13661462523967e+00
